City,Latitude,Longitude,Max Temperature,Humidity,Cloudiness,Wind Speed,Country,Date
Caravelas,-17.7125,-39.2481,85.51,55,0,7.83,BR,1612967282
Kununurra,-15.7667,128.7333,78.8,100,99,3.44,AU,1612967282
Esperance,-33.8667,121.9,60.8,82,90,6.91,AU,1612967283
Mataura,-46.1927,168.8643,54.14,61,100,13.58,NZ,1612967283
Rikitea,-23.1203,-134.9692,78.13,75,46,9.04,PF,1612967283
Qaanaaq,77.484,-69.3632,2.77,66,0,9.22,GL,1612967283
Kaitangata,-46.2817,169.8464,55.99,64,100,5.99,NZ,1612967283
Dekar,-21.5333,21.9333,79.41,55,100,12.82,BW,1612967283
La Ronge,55.1001,-105.2842,-27.4,68,99,4.61,CA,1612967283
Puerto Ayora,-0.7393,-90.3518,77,94,75,3.44,EC,1612967284
Camocim,-2.9022,-40.8411,83.08,77,56,9.19,BR,1612967284
Pimentel,-6.8367,-79.9342,77,69,0,2.3,PE,1612967284
Norman Wells,65.282,-126.8329,-41.8,74,20,3.53,CA,1612967284
Wanning,18.8003,110.3967,62.73,88,100,9.24,CN,1612967284
Domna,51.8971,113.1573,10.4,85,100,2.24,RU,1612967284
Ushuaia,-54.8,-68.3,68,52,0,6.17,AR,1612967140
Jamestown,42.097,-79.2353,16,79,40,6.91,US,1612967134
Upernavik,72.7868,-56.1549,7.32,81,5,4.9,GL,1612967285
Gamba,-2.65,10,83.93,72,74,5.75,GA,1612967285
Bethel,41.3712,-73.414,23,86,1,5.44,US,1612967077
Punta Arenas,-53.15,-70.9167,59,67,0,8.05,CL,1612967285
Haines Junction,60.7522,-137.5108,-41.8,60,33,1.14,CA,1612967285
Geraldton,-28.7667,114.6,66.2,59,0,20.71,AU,1612967285
Saint-Raymond,45.467,-73.6095,15.8,73,0,3.44,CA,1612967153
Anda,46.4,125.3167,14.11,95,26,6.69,CN,1612967286
Salinópolis,-0.6136,-47.3561,82.71,74,83,7.49,BR,1612967286
San Patricio,28.017,-97.5169,71.6,94,90,12.66,US,1612967286
Busselton,-33.65,115.3333,55.99,93,0,10.96,AU,1612967286
Narsaq,60.9167,-46.05,30.2,24,20,27.63,GL,1612967230
Hobart,-42.8794,147.3294,55.4,67,0,5.75,AU,1612967177
Ponta do Sol,32.6667,-17.1,69.8,68,20,13.8,PT,1612967286
Bathsheba,13.2167,-59.5167,82.4,57,75,21.85,BB,1612967286
Port Alfred,-33.5906,26.891,80.01,84,28,3,ZA,1612967287
Sasaram,24.951,84.0149,63.41,51,20,2.39,IN,1612967287
Faya,18.3851,42.4509,68,32,40,8.05,SA,1612967287
Ji’an,27.1172,114.9793,51.69,95,97,4.72,CN,1612967287
Albany,42.6001,-73.9662,21.99,73,75,14.97,US,1612967251
Benicarló,40.4165,0.4271,55.99,42,0,20,ES,1612967287
Constitución,-35.3333,-72.4167,69.93,66,0,6.17,CL,1612967288
Aitape,-3.1374,142.3475,78.01,88,100,7.83,PG,1612967288
Arraial do Cabo,-22.9661,-42.0278,82.4,65,20,12.66,BR,1612967288
Beringovskiy,63.05,179.3167,-16.94,88,24,11.41,RU,1612967288
Lao Cai,22.4833,103.95,62.38,73,2,0.94,VN,1612967288
Cairns,-16.9167,145.7667,78.8,94,75,11.5,AU,1612967288
Amapá,1,-52,78.3,82,94,3.42,BR,1612967289
Whitehorse,60.7161,-135.0538,-27,68,1,13.8,CA,1612967284
Mehamn,71.0357,27.8492,24.8,68,40,19.57,NO,1612967289
Mar del Plata,-38.0023,-57.5575,69.8,68,75,17.27,AR,1612967092
Tuatapere,-46.1333,167.6833,51.13,88,100,15.19,NZ,1612967289
Vila Velha,-20.3297,-40.2925,82.4,74,75,8.05,BR,1612967289
São João da Barra,-21.6403,-41.0511,82.4,57,20,2.3,BR,1612967289
Cabedelo,-6.9811,-34.8339,89.6,58,75,12.66,BR,1612967290
Ostrovnoy,68.0531,39.5131,6.12,93,56,16.98,RU,1612967290
Butaritari,3.0707,172.7902,81.12,78,100,15.86,KI,1612967290
Buala,-8.145,159.5921,80.35,81,47,7.43,SB,1612967290
Hilo,19.7297,-155.09,64.4,59,20,6.91,US,1612967290
East London,-33.0153,27.9116,82.4,74,20,12.66,ZA,1612967290
Labuan,5.2767,115.2417,80.6,83,20,2.3,MY,1612967290
Tiksi,71.6872,128.8694,-16.4,89,7,4.18,RU,1612967291
Storsteinnes,69.2408,19.2344,24.8,93,75,3.44,NO,1612967291
Kapaa,22.0752,-159.319,68,56,20,10.36,US,1612966991
Yellowknife,62.456,-114.3525,-13,77,75,9.22,CA,1612967291
Vaini,-21.2,-175.2,78.8,94,40,9.22,TO,1612967291
Bengkulu,-3.8004,102.2655,75.34,89,100,3.33,ID,1612967291
Bredasdorp,-34.5322,20.0403,77,57,1,11.5,ZA,1612967291
Goderich,43.7501,-81.7165,15.8,73,56,10.36,CA,1612967134
Makakilo City,21.3469,-158.0858,62.6,67,1,3.44,US,1612967292
Paamiut,61.994,-49.6678,23.13,82,28,7.9,GL,1612967292
Miraflores,19.2167,-98.8083,51.8,58,75,4.61,MX,1612967292
Pevek,69.7008,170.3133,-11.63,72,0,0.92,RU,1612967292
Pisco,-13.7,-76.2167,75.2,78,75,4.61,PE,1612967292
Nikolskoye,59.7035,30.7861,12,85,75,2.24,RU,1612967292
Mandalgovi,45.7625,106.2708,28.49,77,96,11.9,MN,1612967293
Bowen,-20.0167,148.2333,75.2,88,75,6.91,AU,1612967293
Thompson,55.7435,-97.8558,-43.6,73,20,4.61,CA,1612967293
Staraya Kulatka,52.7167,47.6167,3.45,93,100,7.18,RU,1612967293
Port Elizabeth,-33.918,25.5701,80.6,65,20,14.97,ZA,1612967293
Bandarbeyla,9.4942,50.8122,76.42,66,78,22.41,SO,1612967293
Tasiilaq,65.6145,-37.6368,10.4,61,40,4.47,GL,1612967293
Avarua,-21.2078,-159.775,78.8,89,99,4.61,CK,1612967294
Tarija,-21.5355,-64.7296,60.8,82,75,3.44,BO,1612967074
Nioro,13.35,-15.75,101.52,8,94,9.28,GM,1612967295
New Norfolk,-42.7826,147.0587,53.01,60,0,1.01,AU,1612967295
Wakkanai,45.4094,141.6739,24.03,89,100,9.44,JP,1612967295
Lebu,-37.6167,-73.65,68.95,61,0,4,CL,1612967296
Dikson,73.5069,80.5464,-20.16,89,100,10.02,RU,1612967296
Coyhaique,-45.5752,-72.0662,69.8,52,0,4.61,CL,1612967296
Provideniya,64.3833,-173.3,-8.45,74,0,11.03,RU,1612967296
Rawson,-43.3002,-65.1023,82.56,29,1,22.75,AR,1612967296
Tuktoyaktuk,69.4541,-133.0374,-32.8,68,1,8.05,CA,1612967296
Saint George,37.1041,-113.5841,44.6,45,1,1.59,US,1612967297
Saldanha,-33.0117,17.9442,84.2,45,0,17.27,ZA,1612967297
Atuona,-9.8,-139.0333,78.44,79,13,18.77,PF,1612967297
Katangli,51.7102,143.2326,15.55,96,100,17.98,RU,1612967297
Mossamedes,-15.1961,12.1522,84.2,58,20,17.27,AO,1612967297
Marsá Maţrūḩ,31.3525,27.2453,69.8,40,0,10.36,EG,1612967297
Kargasok,59.0556,80.8572,-8.48,90,100,8.93,RU,1612967297
Kualakapuas,-3.0091,114.3876,78.8,100,99,1.14,ID,1612967298
Paraná,-31.732,-60.5238,78.01,72,100,1.99,AR,1612967214
Osvaldo Cruz,-21.7967,-50.8786,80.42,59,1,9.26,BR,1612967298
Vanderhoof,54.0166,-124.0198,-26.34,82,0,3.42,CA,1612967298
Saryg-Sep,51.5,95.6,10.4,92,94,3,RU,1612967298
Atagay,55.1033,99.3875,4.17,92,85,4.29,RU,1612967298
Kumul,42.8,93.45,34.2,70,32,10.89,CN,1612967298
Mikun',62.3547,50.0771,-11.87,90,46,2.98,RU,1612967299
Chokurdakh,70.6333,147.9167,-9.62,88,18,6.73,RU,1612967299
Santa Vitória do Palmar,-33.5189,-53.3681,75.92,72,0,7.07,BR,1612967159
Zhigalovo,54.8097,105.1578,2.05,91,21,2.35,RU,1612967299
Cayenne,4.9333,-52.3333,82.4,65,90,9.22,GF,1612967025
Mount Gambier,-37.8333,140.7667,64.4,68,0,6.91,AU,1612967300
Córdoba,-31.4135,-64.1811,75.99,73,75,3.44,AR,1612967300
Vila,42.0304,-8.1588,52,73,33,5.01,PT,1612967300
Muzhi,65.3667,64.6667,-17.18,84,94,3.27,RU,1612967301
Kudat,6.8837,116.8477,78.8,89,20,4.61,MY,1612967301
Dīg,27.4667,77.3333,66.61,45,0,7.61,IN,1612967301
Ribeira Grande,38.5167,-28.7,60.8,72,75,27.63,PT,1612967301
Saskylakh,71.9167,114.0833,-19.57,83,8,12.82,RU,1612967301
Hobyo,5.3505,48.5268,79.5,69,42,20.94,SO,1612967301
Mount Isa,-20.7333,139.5,86,62,40,6.91,AU,1612967301
Coquimbo,-29.9533,-71.3436,66.2,72,20,6.91,CL,1612967301
Hermanus,-34.4187,19.2345,86,51,0,8.01,ZA,1612967302
Yarmouth,41.7057,-70.2286,28.99,74,1,9.22,US,1612967302
Lavrentiya,65.5833,-171,-20.63,80,0,7.63,RU,1612967302
Tamiahua,21.2667,-97.45,71.53,89,90,2.37,MX,1612967302
Harboøre,56.6175,8.1807,28.99,74,39,5.01,DK,1612967302
Zhuhai,22.2769,113.5678,61,88,40,14.97,CN,1612967302
Fairbanks,64.8378,-147.7164,-11.2,64,90,3.42,US,1612967102
Richards Bay,-28.783,32.0377,83.12,69,98,11.03,ZA,1612967040
Codrington,-38.2667,141.9667,63.32,69,0,7.34,AU,1612967303
Kaeo,-35.1,173.7833,62.01,95,97,5.01,NZ,1612967303
Lagoa,39.05,-27.9833,59.04,72,72,32.86,PT,1612967303
Sioux Lookout,50.1001,-91.917,-31,75,20,2.3,CA,1612967303
Gorontalo,0.5412,123.0595,77.61,89,100,2.89,ID,1612967303
Lüderitz,-26.6481,15.1594,74.14,61,12,13,NA,1612967303
Lompoc,34.6391,-120.4579,46.4,93,40,8.52,US,1612967303
Husavik,66.0449,-17.3389,23,93,75,5.06,IS,1612967303
Timiryazevskiy,56.49,84.8769,-4,75,100,7.31,RU,1612967304
Pontes e Lacerda,-15.2261,-59.3353,82.29,61,95,6.49,BR,1612967143
Pangoa,-12.1167,-73,70.3,96,100,0.6,PE,1612967304
Lingao,19.9103,109.6859,63.12,83,94,5.17,CN,1612967304
Kiryat Gat,31.61,34.7642,70,24,0,11.16,IL,1612967262
Bambous Virieux,-20.3428,57.7575,82,69,40,11.5,MU,1612967304
Port-Cartier,50.0334,-66.8654,9,47,20,14.97,CA,1612967304
Tres Picos,15.8667,-93.5333,78.94,61,16,3.27,MX,1612967304
Saint-Pierre,-21.3393,55.4781,84.2,70,0,23.02,RE,1612967305
Kenora,49.8167,-94.4337,-27.4,68,20,4.61,CA,1612967305
Alexandria,31.2156,29.9553,68,45,0,6.91,EG,1612967105
Undory,54.6085,48.3928,6.8,72,75,8.95,RU,1612967305
Mandera,3.9366,41.867,96.93,20,100,12.08,KE,1612967305
Thaton,16.9206,97.3714,74.93,45,0,4.07,MM,1612967305
Manaus,-3.1019,-60.025,84.2,83,40,3.44,BR,1612967021
Saint-Joseph,-21.3667,55.6167,84.2,70,0,23.02,RE,1612967306
Clyde River,70.4692,-68.5914,-0.18,89,18,10.65,CA,1612967306
East Wenatchee,47.4157,-120.2931,19.99,73,1,3.11,US,1612967306
Lázaro Cárdenas,17.9583,-102.2,70.38,80,4,4.97,MX,1612967306
Saint Paul Harbor,57.79,-152.4072,35.6,80,90,17.27,US,1612967306
Avera,33.194,-82.5271,57.2,85,90,5.75,US,1612967306
Okha,53.5739,142.9478,22.46,97,100,19.95,RU,1612967307
Ilmenau,50.6833,10.9,19,73,75,2.3,DE,1612967307
Havre-St-Pierre,50.2334,-63.5986,1.4,55,1,14.97,CA,1612967307
Victor Harbor,-35.5667,138.6167,78.01,44,0,4.83,AU,1612967308
Zunheboto,25.9667,94.5167,51.57,71,3,2.62,IN,1612967308
Viloco,-16.95,-67.55,47.77,84,100,5.61,BO,1612967308
Taltal,-25.4,-70.4833,69.73,64,44,6.73,CL,1612967308
Kati,12.7441,-8.0726,96.8,7,20,6.91,ML,1612967308
Santiago de Cao,-7.9589,-79.2392,69.8,88,75,4.61,PE,1612967309
Praia,14.9215,-23.5087,75.2,57,0,21.85,CV,1612967309
Lehtmetsa,59.3237,25.3457,17.01,85,0,4.61,EE,1612967309
Klaksvík,62.2266,-6.589,30.2,69,4,8.3,FO,1612967309
Khor,47.8861,134.9464,-1.53,93,86,4.34,RU,1612967309
Najrān,17.4924,44.1277,71.6,40,0,9.22,SA,1612967309
Khatanga,71.9667,102.5,-11.54,86,26,10.07,RU,1612967310
Jaisalmer,26.9147,70.9181,71.44,19,0,6.73,IN,1612967310
Manado,1.487,124.8455,78.8,94,20,1.14,ID,1612967310
Kultuk,51.7208,103.6956,14.94,92,100,2.62,RU,1612967310
Baruun-Urt,46.6806,113.2792,20.41,93,85,11.63,MN,1612967310
Beloha,-25.1667,45.05,70.92,86,100,13.76,MG,1612967310
Kavieng,-2.5744,150.7967,83.07,73,100,6.29,PG,1612967310
Eyl,7.9803,49.8164,78.96,56,56,24.45,SO,1612967311
Mahébourg,-20.4081,57.7,80.6,69,40,11.5,MU,1612967311
Ilulissat,69.2167,-51.1,15.8,38,1,18.41,GL,1612967311
Namatanai,-3.6667,152.4333,79.23,83,100,3.69,PG,1612967311
Sabang,5.8933,95.3214,82.69,78,98,13.49,ID,1612967311
Camacha,33.0833,-16.3333,66.2,77,20,10.36,PT,1612967311
Santa Luzia,-19.7697,-43.8514,78.8,65,75,2.3,BR,1612967311
Hearst,49.6835,-83.6665,-20.2,76,100,2.3,CA,1612967311
Jedovnice,49.3445,16.756,33.01,93,100,6.13,CZ,1612967312
Dubrovytsya,51.5744,26.565,22.64,97,91,2.59,UA,1612967312
Khasan,42.4308,130.6434,26.64,93,1,8.63,RU,1612967312
Hithadhoo,-0.6,73.0833,82.33,76,5,16.69,MV,1612967313
Madera,37.1666,-119.8343,48.99,84,8,1.95,US,1612967313
Aklavik,68.2191,-135.0107,-31,75,0,4.61,CA,1612967313
Rizhao,35.4275,119.4553,43.05,63,100,3.58,CN,1612967313
Orlik,52.5178,99.825,-4.56,78,1,1.34,RU,1612967313
Cherskiy,68.75,161.3,-8.66,85,0,1.48,RU,1612967313
Kruisfontein,-34.0033,24.7314,82,65,0,8.99,ZA,1612967313
Viedma,-40.8135,-62.9967,75,48,47,3,AR,1612967313
Hailey,43.5196,-114.3153,10.4,61,1,10.36,US,1612967313
Saint-Augustin,51.226,-58.6502,12.63,95,100,8.08,CA,1612967041
Hoquiam,46.9809,-123.8893,35.01,93,90,8.05,US,1612967112
Nelson Bay,-32.7167,152.15,62.6,94,90,5.46,AU,1612967314
Exu,-7.5119,-39.7242,84.2,65,75,4.61,BR,1612967314
Jacareacanga,-6.2222,-57.7528,82.4,78,20,6.91,BR,1612967315
City of San Pedro,14.35,121.0167,78.8,89,75,3.44,PH,1612967307
Castro,-24.7911,-50.0119,67.55,71,98,5.73,BR,1612967285
Barrow,71.2906,-156.7887,-14.8,76,90,14.97,US,1612967315
Saint-Philippe,-21.3585,55.7679,84.2,70,0,23.02,RE,1612967315
Waynesboro,38.0685,-78.8895,39,80,1,3.44,US,1612967315
Palmer,42.1584,-72.3287,21.99,94,17,3.44,US,1612967315
Tutóia,-2.7619,-42.2744,87.8,66,40,14.97,BR,1612967315
Valdepeñas,38.7621,-3.3848,57.2,54,20,17.27,ES,1612967206
Hambantota,6.1241,81.1185,78.8,78,0,11.5,LK,1612967315
São Félix do Xingu,-6.6447,-51.995,78.82,91,98,1.99,BR,1612967175
Hong Kong,22.2855,114.1577,63,89,80,5.82,HK,1612967135
Pochutla,15.7432,-96.4661,75,64,20,2.39,MX,1612967316
Bluff,-46.6,168.3333,53.38,92,100,29.33,NZ,1612967316
Englewood,39.6478,-104.9878,15.8,79,90,5.75,US,1612967195
Salinas,36.6777,-121.6555,51.8,87,90,1.25,US,1612967065
Severodvinsk,64.5635,39.8302,-0.4,78,75,2.24,RU,1612967260
Haimen,23.1935,116.6142,59,94,90,4.47,CN,1612967317
Kamiiso,41.8167,140.65,25.43,94,48,9.1,JP,1612967317
Cape Town,-33.9258,18.4232,77,65,0,24.16,ZA,1612967317
Balikpapan,-1.2675,116.8289,79.5,87,9,4.41,ID,1612967317
Seoul,37.5683,126.9778,37.4,93,40,1.14,KR,1612967311
Cochrane,51.1834,-114.4687,-18,69,75,8.05,CA,1612967140
Pacific Grove,36.6177,-121.9166,51.8,87,90,5.75,US,1612967318
Orange Cove,36.6244,-119.3137,46.4,100,40,5.75,US,1612967318
Padang,-0.9492,100.3543,84.2,70,40,3.44,ID,1612967256
Bilma,18.6853,12.9164,89.02,10,0,10.78,NE,1612967319
Te Anau,-45.4167,167.7167,48.67,86,100,9.37,NZ,1612967319
Gopālpur,19.2667,84.9167,72.1,71,0,7.94,IN,1612967319
Petropavlovsk-Kamchatskiy,53.0452,158.6483,17.6,86,100,4.47,RU,1612967319
Pitimbu,-7.4706,-34.8086,89.6,58,75,12.66,BR,1612967320
Vestmannaeyjar,63.4427,-20.2734,41,60,20,20.71,IS,1612967320
Lincoln,40.8,-96.667,9,72,40,9.22,US,1612967320
Micheweni,-4.9667,39.8333,83.14,69,100,16.55,TZ,1612967321
Bokovskaya,49.229,41.8306,32.97,95,100,11.59,RU,1612967321
Suwałki,54.1118,22.9309,15.53,97,100,6.26,PL,1612967189
Aykhal,66,111.5,-16.82,86,99,5.41,RU,1612967321
Altay,47.8667,88.1167,2.55,74,5,3.71,CN,1612967321
Quebo,11.3333,-14.9333,103.01,14,75,5.53,GW,1612967321
Lohārdagā,23.4333,84.6833,69.8,43,35,5.46,IN,1612967321
Obo,5.3998,26.4869,104.94,12,100,0.4,CF,1612967321
Yangi Marg`ilon,40.4272,71.7189,51.8,76,90,2.91,UZ,1612967322
Broken Hill,-31.95,141.4333,86,25,0,11.5,AU,1612967322
Khovd,48.0056,91.6419,17.76,59,0,7.61,MN,1612967322
Natá,8.3333,-80.5167,86,48,20,9.22,PA,1612967322
Yashkul',46.1711,45.3435,40.12,90,53,6.89,RU,1612967322
Half Moon Bay,37.4636,-122.4286,48.99,93,1,4.45,US,1612967248
Longyearbyen,78.2186,15.6401,12.2,73,75,19.57,SJ,1612967322
Cockburn Town,21.4612,-71.1419,78.8,73,40,13.8,TC,1612967281
Araouane,18.9048,-3.5265,88.12,10,1,11.05,ML,1612967323
Raudeberg,61.9875,5.1352,30.99,67,0,19.33,NO,1612967323
Wilmington,34.2257,-77.9447,48.99,81,90,12.66,US,1612967084
Byron Bay,-28.65,153.6167,68,83,90,9.22,AU,1612967323
Paraty,-23.2178,-44.7131,77,69,40,4.61,BR,1612967323
Armidale,-30.5167,151.65,54,92,60,3,AU,1612967323
Ixtapa,20.7,-105.2,64,94,1,4.61,MX,1612967324
Chake Chake,-5.2459,39.7666,82.76,67,100,13.89,TZ,1612967324
Paulo Ramos,-4.2167,-45.1833,84.61,71,24,3.91,BR,1612967324
Katsuura,35.1333,140.3,44.6,70,40,5.75,JP,1612967324
Faanui,-16.4833,-151.75,81.05,69,0,9.01,PF,1612967324
Fare,-16.7,-151.0167,80.73,67,0,9.01,PF,1612967324
Diego de Almagro,-26.3667,-70.05,74.03,34,0,4.03,CL,1612967325
Yulara,-25.2406,130.9889,89.6,51,16,8.05,AU,1612967325
Porto Santo,33.072,-16.3415,66.2,77,20,10.36,PT,1612967325
Bayangol,50.6977,103.4656,10.17,94,100,4.03,RU,1612967325
Tabuk,17.4189,121.4443,70.57,90,78,2.82,PH,1612967325
Guilin,25.2819,110.2864,53.6,87,75,2.24,CN,1612967261
Władysławowo,54.7909,18.4009,21,79,75,6.91,PL,1612967325
Cidreira,-30.1811,-50.2056,77.68,72,0,12.12,BR,1612967309
Boueni,-12.9025,45.0761,73.4,88,75,29.93,YT,1612967326
Nizhniy Kuranakh,58.8353,125.4869,-4.02,89,73,1.88,RU,1612967326
Nanortalik,60.1432,-45.2371,25.63,87,68,9.66,GL,1612967326
Coahuayana Viejo,18.7333,-103.6833,66.2,68,1,3.27,MX,1612967326
Talaya,61.3833,152.75,0.12,90,96,6.93,RU,1612967326
Tawao,4.2498,117.8871,78.01,100,20,3.44,MY,1612967326
Alice Springs,-23.7,133.8833,87.01,61,12,12.66,AU,1612967327
Fortuna,40.5982,-124.1573,43,100,90,10.36,US,1612967327
Moyale,3.5167,39.0584,89.53,24,100,13.22,KE,1612967327
Chui,-33.6971,-53.4616,75.81,72,0,7.54,UY,1612967327
Vao,-22.6667,167.4833,76.95,83,0,17.76,NC,1612967327
Saint-François,46.4154,3.9054,37,93,90,13.8,FR,1612967327
Tsumeb,-19.2333,17.7167,72.73,80,100,6.8,NA,1612967117
Oranjestad,12.524,-70.027,78.8,83,40,17.27,AW,1612967298
Hasaki,35.7333,140.8333,35.6,87,20,3.44,JP,1612967329
Santa Rosalía,27.3167,-112.2833,54.97,78,0,9.44,MX,1612967329
Lata,40.1629,-8.3327,62.01,71,94,1.01,PT,1612967329
Cabo San Lucas,22.8909,-109.9124,57.2,88,1,14.97,MX,1612967329
Muros,42.7762,-9.0603,55.99,70,96,14,ES,1612967330
Port Blair,11.6667,92.75,77.97,63,34,8.95,IN,1612967330
Chapais,49.7834,-74.8492,-13,84,1,3.44,CA,1612967330
Mae Sai,20.4335,99.8762,63,94,0,2.3,TH,1612967330
Dorogino,54.3598,83.3198,-11.69,90,100,11.03,RU,1612967330
Hūn,29.1268,15.9477,79.93,14,0,4.9,LY,1612967330
Penzance,50.1186,-5.5371,36,64,75,20.71,GB,1612967330
Chara,56.9064,118.2631,16.84,93,100,1.36,RU,1612967330
Brookhaven,31.5791,-90.4407,57,71,64,5.41,US,1612967318
Naryan-Mar,67.6713,53.087,-8.52,91,100,3.31,RU,1612967331
Carnarvon,-24.8667,113.6333,75.2,88,0,25.32,AU,1612967331
Whitecourt,54.1502,-115.6855,-22,69,75,21.85,CA,1612967331
Nome,64.5011,-165.4064,-9.4,45,1,23.02,US,1612967331
Pangnirtung,66.1451,-65.7125,6.8,66,1,3.85,CA,1612967331
Río Bueno,-40.3167,-72.9667,71.6,60,0,2.3,CL,1612967331
Zharkovskiy,55.849,32.2697,8.67,93,100,6.35,RU,1612967331
Hualmay,-11.0964,-77.6139,74.64,64,12,2.95,PE,1612967332
Laguna,38.421,-121.4238,48.99,87,20,3.44,US,1612967332
Svetlaya,46.5389,138.3297,11.41,86,0,9.71,RU,1612967332
Rabo de Peixe,37.8,-25.5833,64,88,20,18.41,PT,1612967332
Copiapó,-27.3667,-70.3333,64.4,68,75,3.44,CL,1612967332
Ippy,6.2679,21.2247,105.21,7,60,1.88,CF,1612967332
Boca do Acre,-8.7522,-67.3978,76.71,94,100,3.18,BR,1612967332
Plettenberg Bay,-34.0527,23.3716,74.7,66,11,8.05,ZA,1612967333
Banjar,-8.19,114.9675,80.6,83,20,8.05,ID,1612967334
Salalah,17.0151,54.0924,78.8,41,0,8.05,OM,1612967064
Pangody,65.85,74.4859,-25.1,85,100,13.58,RU,1612967334
São Filipe,14.8961,-24.4956,73.09,68,12,10.56,CV,1612967334
Balkanabat,39.5108,54.3671,58.41,57,0,7.43,TM,1612967334
Denpasar,-8.65,115.2167,80.6,83,20,8.05,ID,1612967334
Superior,46.7208,-92.1041,-9.4,70,1,5.75,US,1612967334
Kloulklubed,7.0419,134.2556,80.6,83,90,5.75,PW,1612967334
Fort Nelson,58.8053,-122.7002,-9.4,64,90,9.22,CA,1612967335
Nagato,34.3833,131.2,48.2,57,0,10.36,JP,1612967335
Spirit River,55.7833,-118.8361,-20,68,100,5.75,CA,1612967335
Yazykovo,55.2199,56.1353,-0.49,93,100,4.94,RU,1612967335
Kwang Binh,17.4833,106.6,63.27,81,6,3.89,VN,1612967140
Brasília de Minas,-16.2064,-44.4333,74.1,87,34,7.81,BR,1612967335
Mayo,38.8876,-76.5119,37,75,1,4.61,US,1612967335
Gigmoto,13.7796,124.39,78.19,86,93,7.61,PH,1612967336
Kalemie,-5.9475,29.1947,78.42,77,98,5.97,CD,1612967336
Gwadar,25.1216,62.3254,75.38,43,100,12.35,PK,1612967336
Porosozero,62.7191,32.727,-1.12,93,74,1.74,RU,1612967336
Auki,-8.7676,160.7034,78.93,85,2,7.78,SB,1612967336
Alpena,45.0617,-83.4327,6.01,84,1,3.44,US,1612967221
Port Augusta,-32.5,137.7667,80.01,53,0,3.44,AU,1612967336
Qinhuangdao,39.9317,119.5883,34.93,79,0,0.63,CN,1612967337
Chornyanka,46.6522,33.359,50,87,75,11.18,UA,1612967337
Joshīmath,30.5667,79.5667,44.74,48,8,8.59,IN,1612967337
Siukh,42.5999,46.5446,39.09,71,0,3.51,RU,1612967337
Kavaratti,10.5669,72.642,82.36,62,5,6.69,IN,1612967337
Odoyev,53.9393,36.6864,7.95,95,100,8.77,RU,1612967337
Quaregnon,50.4417,3.867,27,68,40,16.11,BE,1612967192
Arlit,18.7369,7.3853,91.65,8,0,2.46,NE,1612967338
Tilichiki,60.4667,166.1,-0.96,93,100,10.78,RU,1612967338
Atherton,53.5237,-2.4935,36,69,97,1.99,GB,1612967338
Mardin,37.3131,40.7436,66.2,42,0,9.22,TR,1612967071
Isangel,-19.55,169.2667,80.15,78,9,11.18,VU,1612967338
Nieuw Amsterdam,5.8833,-55.0833,84.99,58,40,9.22,SR,1612967338
Inuvik,68.3499,-133.7218,-31,75,0,4.61,CA,1612967338
Bitung,1.4451,125.1824,78.8,94,20,1.14,ID,1612967338
Illintsi,49.1048,29.2177,26.6,86,90,8.95,UA,1612967339
Tottori-shi,35.5,134.2333,42.69,71,25,7.31,JP,1612967339
Quatre Cocos,-20.2078,57.7625,82,69,40,11.5,MU,1612967339
Kwinana,-32.25,115.7667,64.99,68,0,14.97,AU,1612967339
Arrecife,28.963,-13.5477,68,77,75,5.75,ES,1612967039
Wagar,16.1525,36.2032,94.87,17,92,4.27,SD,1612967339
Villa Carlos Paz,-31.4241,-64.4978,75.99,71,57,5.5,AR,1612967339
Iqaluit,63.7506,-68.5145,8.6,85,75,2.3,CA,1612967340
Yong Peng,2.0136,103.0659,75.92,89,17,4.65,MY,1612967341
Grójec,51.8625,20.8676,23,99,100,2.19,PL,1612967341
Severo-Kuril'sk,50.6789,156.125,25.32,89,63,9.53,RU,1612967341
Ol'ga,43.7444,135.2892,16.29,90,0,6.2,RU,1612967341
Guerrero Negro,27.9769,-114.0611,57.52,75,100,12.68,MX,1612967341
Qaqortoq,60.7167,-46.0333,30.2,24,20,27.63,GL,1612967342
Wakefield,53.6809,-1.499,37,89,99,7.81,GB,1612967342
Ürümqi,43.801,87.6005,15.8,92,0,6.71,CN,1612967267
Lusambo,-4.9667,23.45,92.55,40,92,3,CD,1612967342
Rocha,-34.4833,-54.3333,76.96,62,27,6.55,UY,1612967342
Gävle,60.6745,17.1417,21,71,100,5.99,SE,1612967342
Bom Jesus,-9.0744,-44.3586,87.55,54,16,4.38,BR,1612967342
Tikhvin,59.6451,33.5294,10.99,77,100,3,RU,1612967343
Yanam,16.7333,82.2167,78.8,65,0,8.05,IN,1612967343
Grand Gaube,-20.0064,57.6608,82,65,7,10,MU,1612967343
Dukat,62.55,155.55,3.16,92,100,3.51,RU,1612967343
Martapura,-3.4167,114.85,78.8,100,100,1.14,ID,1612967343
Carauari,-4.8828,-66.8958,83.79,69,94,4.45,BR,1612967344
Atbasar,51.8,68.3333,-15.16,86,82,4.14,KZ,1612967344
Batagay-Alyta,67.8006,130.4114,-7.04,78,99,1.72,RU,1612967344
Kamenka,51.3223,42.7678,19.99,90,100,8.19,RU,1612967344
Puerto Princesa City,9.7392,118.7353,77.59,88,16,3.53,PH,1612967344
Kendari,-3.945,122.4989,78.85,86,74,1.1,ID,1612967344
Kisi,9.0833,3.85,103.86,8,0,3.22,NG,1612967344
Morondava,-20.2833,44.2833,78.1,87,100,13.73,MG,1612967102
Otjiwarongo,-20.4637,16.6477,75.07,64,100,8.37,NA,1612967345
Leningradskiy,69.3833,178.4167,-27.24,84,70,12.39,RU,1612967345
Ishigaki,24.3448,124.1572,70.09,83,100,24.54,JP,1612967345
Magadan,59.5667,150.8,18.59,91,97,22.79,RU,1612967345
Gumdag,39.2061,54.5906,58.44,59,0,6.04,TM,1612967345
Necochea,-38.5473,-58.7368,72,56,29,5.01,AR,1612967345
Tumpat,6.1978,102.171,78.8,83,20,5.75,MY,1612967169
Portland,45.5234,-122.6762,35.01,85,17,0.96,US,1612967138
Riyadh,24.6877,46.7219,75.2,13,0,9.22,SA,1612967247
Makkah al Mukarramah,21.4267,39.8261,86.18,28,0,12.26,SA,1612967346
Dingle,10.9995,122.6711,76.62,88,100,2.26,PH,1612967346
Soyaux,45.65,0.2,45,87,75,10.36,FR,1612967346
Rome,43.2128,-75.4557,19.99,79,90,8.05,US,1612967346
Omsk,55,73.4,-22,69,0,6.71,RU,1612967078
Puerto Escondido,15.85,-97.0667,75.2,88,20,5.75,MX,1612967306
Airai,-8.9266,125.4092,61.66,100,100,1.95,TL,1612967346
Bragança,-1.0536,-46.7656,85.08,66,96,4.16,BR,1612967347
Marzuq,14.4,46.4667,73.09,22,41,12.8,YE,1612967347
Cardston,49.2,-113.3019,-27.4,75,100,2.3,CA,1612967347
Raja,8.4596,25.678,99.57,9,83,2.42,SS,1612967347
Kericho,-0.3677,35.2831,84.2,48,20,11.5,KE,1612967347
Baykit,61.67,96.37,-10.86,85,98,3.27,RU,1612967347
Malindi,-3.2175,40.1191,84.2,65,20,20.71,KE,1612967347
Eagle Pass,28.7091,-100.4995,62.6,100,90,6.91,US,1612967330
Hamilton,39.1834,-84.5333,19.99,73,90,11.5,US,1612967131
Agnibilékrou,7.1344,-3.2047,106.48,20,8,1.36,CI,1612967348
Krasnyy Kut,50.95,46.9667,8.82,95,91,6.4,RU,1612967348
Phuket,8,98.25,80.6,83,40,2.3,TH,1612967116
Akureyri,65.6835,-18.0878,23,93,75,1.39,IS,1612967348
Gijang,35.2442,129.2139,42.8,42,0,5.75,KR,1612967326
Iquique,-20.2208,-70.1431,68,73,0,5.75,CL,1612967242
Ryōtsu-minato,38.0833,138.4333,43.34,69,69,21.25,JP,1612967348
Malanje,-9.5402,16.341,86,79,75,13.8,AO,1612967349
Noumea,-22.2763,166.4572,71.6,94,75,3.44,NC,1612967349
Hofn,64.2539,-15.2082,28.4,93,90,5.75,IS,1612967349
Santa Fe,-31.6333,-60.7,75,75,100,4,AR,1612967349
Bakchar,57.0186,82.0711,-11.45,89,99,6.71,RU,1612967349
Green Valley,31.8543,-110.9937,53.6,32,1,4.61,US,1612967349
San Quintín,30.4833,-115.95,54.54,71,100,10.11,MX,1612967349
Along,28.1667,94.7667,58.93,48,84,1.79,IN,1612967350
Creston,41.0586,-94.3614,8.01,72,90,9.22,US,1612967350
Sørland,67.667,12.6934,30.2,54,20,3.44,NO,1612967350
Middle Island,40.8843,-72.9373,28.99,68,1,3.44,US,1612967350
Saint-Ambroise,48.5501,-71.3324,7,92,100,8.05,CA,1612967350
Sooke,48.3746,-123.7276,35.6,94,83,3.44,CA,1612967350
Dhāri,21.3333,71.0167,71.33,31,100,8.95,IN,1612967351
Ceuta,35.8903,-5.3075,66.2,72,75,28.77,ES,1612967351
Chunoyar,57.4467,97.3217,-3.08,90,99,2.33,RU,1612967351
Sinnamary,5.3833,-52.95,80.22,72,100,11.01,GF,1612967351
Gainesville,29.6516,-82.3248,64,100,90,4.61,US,1612967184
Ulkan,57.243,107.3223,-3.32,88,13,2.08,RU,1612967352
Madimba,-10.4,40.3333,77,94,90,20.71,TZ,1612967352
Boa Vista,2.8197,-60.6733,84.2,51,40,17.27,BR,1612967352
Ihosy,-22.4,46.1167,69.37,90,100,4.38,MG,1612967352
Westport,41.1415,-73.3579,26.01,74,1,3.44,US,1612967300
Wailuku,20.8911,-156.5047,68,64,90,6.91,US,1612967352
Bhīmunipatnam,17.8833,83.4333,73.4,68,0,2.3,IN,1612967352
Lixouri,38.2019,20.4314,62.6,77,40,12.66,GR,1612967352
Ballina,-28.8667,153.5667,68,83,90,9.22,AU,1612967353
Kichmengskiy Gorodok,59.9816,45.7854,-3.8,90,96,2.66,RU,1612967353
Villamontes,-21.25,-63.5,66.2,100,90,5.75,BO,1612967353
Inongo,-1.95,18.2667,85.37,55,71,3.53,CD,1612967353
Ginir,7.1333,40.7,69.17,51,100,5.68,ET,1612967353
Kieta,-6.2167,155.6333,80.15,80,100,7,PG,1612967353
Tūkrah,32.5341,20.5791,70.57,37,0,14.94,LY,1612967353
Sur,22.5667,59.5289,72.18,61,100,7.43,OM,1612967354
Puri,19.8,85.85,77,61,20,6.91,IN,1612967354
Souillac,-20.5167,57.5167,80.6,69,40,11.5,MU,1612967354
Southbridge,42.0751,-72.0334,26.01,54,33,5.7,US,1612967354
Sovetskaya,44.7769,41.1722,52.34,64,61,7.11,RU,1612967354
George Town,5.4112,100.3354,87.01,79,20,4.61,MY,1612967354
Sambava,-14.2667,50.1667,80.87,82,100,4.23,MG,1612967355
Santa Rosa,14.3122,121.1114,78.8,89,75,3.44,PH,1612967355
Waddān,29.1614,16.139,79.45,15,0,5.55,LY,1612967355
Ucluelet,48.9329,-125.5528,34,91,80,5.79,CA,1612967355
San Cristobal,7.7669,-72.225,77,78,75,9.22,VE,1612967355
Lorengau,-2.0226,147.2712,80.51,82,100,9.86,PG,1612967355
Ivanovka,42.8878,75.085,33.8,100,90,4.47,KG,1612967355
Chihuahua,28.5,-106,33.8,44,1,5.19,MX,1612967287
Surgut,61.25,73.4167,-22,76,0,11.18,RU,1612967330
Skibbereen,51.55,-9.2667,32,86,75,13.8,IE,1612967356
Nizwá,22.9333,57.5333,77.41,18,90,3.62,OM,1612967356
Ugoofaaru,5.6667,73,81.61,68,0,9.19,MV,1612967356
Bangassou,4.7413,22.8184,104.74,9,100,1.9,CF,1612967356
Hare Bay,48.8499,-54.0148,23,86,91,8.05,CA,1612967356
Stykkisholmur,65.0757,-22.7297,27.18,96,100,10.13,IS,1612967357
Ternate,0.8,127.4,81.75,79,100,6.11,ID,1612967357
Lodja,-3.4833,23.4333,93.29,37,100,4.32,CD,1612967357
Sitka,57.0531,-135.33,12.2,57,1,3.44,US,1612967357
Talnakh,69.4865,88.3972,-10.12,84,36,5.93,RU,1612967357
Maniitsoq,65.4167,-52.9,19.94,88,0,4.52,GL,1612967357
Nevinnomyssk,44.6267,41.9453,48.2,76,0,8.95,RU,1612967358
Onguday,50.75,86.15,-2.69,75,0,5.12,RU,1612967358
Carutapera,-1.195,-46.02,81.5,79,100,4.94,BR,1612967358
Okakarara,-20.5833,17.4333,77.47,58,100,11.12,NA,1612967358
Pemangkat,1.1667,108.9667,78.33,87,100,7.47,ID,1612967358
Kologriv,58.8275,44.3178,-1.97,92,87,4.59,RU,1612967358
Jalu,29.0331,21.5482,76.75,15,0,6.69,LY,1612967358
Touros,-5.1989,-35.4608,87.8,58,40,16.11,BR,1612967359
Opuwo,-18.0607,13.84,75.29,70,86,13.42,NA,1612967359
Merrill,45.1805,-89.6835,-7.01,77,75,3.44,US,1612967351
Uray,60.1247,64.7758,-18.87,86,0,5.12,RU,1612967359
Olafsvik,64.8945,-23.7142,30.67,98,100,18.61,IS,1612967359
Buchanan,5.8808,-10.0467,91.4,62,75,11.5,LR,1612967359
Manaure,11.7751,-72.4445,80.47,62,0,13.47,CO,1612967359
Mocuba,-16.8392,36.9856,84.07,84,100,6.69,MZ,1612967360
Vaitape,-16.5167,-151.75,81.05,69,0,8.99,PF,1612967360
İmamoğlu,37.2651,35.6572,69.8,56,40,9.22,TR,1612967360
Shima,24.4478,117.8111,59,94,75,6.71,CN,1612967360
Chifeng,42.2683,118.9636,22.87,87,0,5.08,CN,1612967360
San Miguel de Tucumán,-26.8241,-65.2226,64.4,100,90,4.61,AR,1612967360
Batagay,67.6333,134.6333,-21.05,83,92,1.41,RU,1612967361
Slave Lake,55.2834,-114.769,-18.4,63,90,19.57,CA,1612967361
Dunmore Town,25.5,-76.65,74.66,82,0,11.9,BS,1612967361
Dabakala,8.3667,-4.4333,103.1,14,94,5.17,CI,1612967361
Semnan,35.5729,53.3971,56.62,42,74,1.41,IR,1612967361
Luena,-11.7833,19.9167,84.2,61,40,9.22,AO,1612967362
Şarkîkaraağaç,38.0794,31.3664,50.18,53,11,10.22,TR,1612967362
Kuytun,54.3419,101.5036,0.64,93,37,2.91,RU,1612967362
Antalaha,-14.9003,50.2788,81.21,79,99,3.58,MG,1612967362
Port-Gentil,-0.7193,8.7815,89.6,70,20,10.36,GA,1612967362
Esim,4.8699,-2.2405,85.78,68,22,9.55,GH,1612967363
Aliwal North,-30.6937,26.7114,92.19,16,0,5.99,ZA,1612967363
Mil'kovo,54.7167,158.6167,13.37,94,100,3.87,RU,1612967363
Gberia Fotombu,9.8833,-11.1667,98.96,15,74,5.7,SL,1612967364
Bereda,43.2686,-7.5406,53.01,66,100,11.99,ES,1612967364
Leshukonskoye,64.8989,45.7622,-15.03,88,0,3.4,RU,1612967364
Vila Franca do Campo,37.7167,-25.4333,64,88,20,18.41,PT,1612967364
Baní,18.2833,-70.3333,80.6,74,20,11.5,DO,1612967364
Tefé,-3.3542,-64.7114,80.6,89,40,10.36,BR,1612967364
Warrington,53.3925,-2.5802,37.4,56,75,9.22,GB,1612967364
Bajil,15.0584,43.2851,82.18,53,81,11.14,YE,1612967365
Klyuchi,52.2667,79.1667,-19.52,87,5,8.34,RU,1612967365
Banjarmasin,-3.3244,114.591,78.8,100,100,1.14,ID,1612967365
Meulaboh,4.1363,96.1285,80.56,81,92,4.07,ID,1612967365
Atar,20.5169,-13.0499,87.33,10,0,10.29,MR,1612967365
Lebedyan',53.0194,39.1664,12.4,96,100,9.51,RU,1612967365
Emerald,-23.5333,148.1667,73.4,94,90,5.75,AU,1612967366
San Ramon,37.7799,-121.978,46.99,87,1,5.75,US,1612967366
Khani,41.9563,42.9566,66.2,34,0,9.22,GE,1612967366
Adré,13.4667,22.2,86.88,12,1,3.76,TD,1612967366
Tual,-5.6667,132.75,83.68,78,100,14.16,ID,1612967366
Deniliquin,-35.5333,144.9667,75.99,48,0,9.35,AU,1612967366
Flin Flon,54.7682,-101.865,-34.6,67,40,3.44,CA,1612967366
Tarauacá,-8.1614,-70.7656,77.05,92,100,3.78,BR,1612967366
Umluj,25.0213,37.2685,81.72,36,98,9.13,SA,1612967366
Dongzhen,22.3797,110.9389,60.66,84,57,3.71,CN,1612967367
Vostok,46.4856,135.8833,-2.9,92,98,3.94,RU,1612967367
Xinzhi,36.4989,111.7047,48.25,45,0,3.51,CN,1612967367
Tabou,4.423,-7.3528,83.03,79,44,8.55,CI,1612967367
Bosaso,11.2842,49.1816,78.8,73,0,13.8,SO,1612967367
Porbandar,21.6422,69.6093,73.4,73,40,6.91,IN,1612967367
Oddur,4.1213,43.8894,92.37,19,25,16.51,SO,1612967368
Dwārka,22.2394,68.9678,70.79,65,100,10.42,IN,1612967368
Forsytheganj,52.6333,29.7333,13.91,96,99,7.07,BY,1612967368
Natal,-5.795,-35.2094,87.8,62,75,17.27,BR,1612967164
Sokoni,-6.4333,39.55,86,66,75,17.27,TZ,1612967368
Vardø,70.3705,31.1107,21.2,73,40,25.32,NO,1612967368
Tezu,27.9167,96.1667,65.75,31,14,4.54,IN,1612967368
Luanda,-8.8368,13.2343,89.6,55,20,6.91,AO,1612967368
Mandapam,9.2833,79.1167,77.74,70,18,20.71,IN,1612967369
Kānt,27.8,79.8,65.86,47,0,3.58,IN,1612967369
Suntar,62.1444,117.6319,1.31,93,100,1.12,RU,1612967369
Hunchun,42.8675,130.3581,23.65,94,7,5.82,CN,1612967317
Kyenjojo,0.6328,30.6214,86.14,29,100,5.26,UG,1612967369
Province of Trapani,37.8333,12.6667,62.6,63,0,9.22,IT,1612967369
Pervomayskoye,43.919,46.7102,54.21,55,17,14.34,RU,1612967369
Port Lincoln,-34.7333,135.8667,74.97,47,69,12.46,AU,1612967370
Philadelphia,39.9523,-75.1638,28.99,69,75,4.61,US,1612967328
Broome,42.2506,-75.833,17.01,73,1,11.5,US,1612967370
Torbay,47.6666,-52.7314,28,80,75,24.16,CA,1612967370
Berdigestyakh,62.0989,126.6992,-15.74,87,0,4.25,RU,1612967370
Los Llanos de Aridane,28.6585,-17.9182,68,68,75,4.61,ES,1612967370
Roebourne,-20.7833,117.1333,89.38,46,0,11.99,AU,1612967370
Tura,25.5198,90.2201,63.28,40,41,2.86,IN,1612967371
Ingham,42.6,-84.3833,7,85,75,0.4,US,1612967371
São Miguel,-5.4667,-35.3667,87.8,58,40,16.11,BR,1612967371
Evensk,61.95,159.2333,13.59,90,87,17.72,RU,1612967371
Gaya,24.7833,85,68,60,34,4.43,IN,1612967371
Naze,28.3667,129.4833,58.3,65,99,9.71,JP,1612967371
Stanghelle,60.5528,5.7357,28,66,0,3.4,NO,1612967371
Sena Madureira,-9.0656,-68.6569,76.15,93,100,2.19,BR,1612967371
Calvinia,-31.4707,19.776,99.39,10,0,12.68,ZA,1612967371
Gravelbourg,49.8834,-106.5512,-22,63,48,13.8,CA,1612967372
Vadsø,70.0744,29.7487,15.8,86,100,14.97,NO,1612967372
Oistins,13.0667,-59.5333,82.4,57,75,21.85,BB,1612967174
Iralaya,15,-83.2333,73.4,94,90,8.05,HN,1612967372
Berlevåg,70.8578,29.0864,19.4,68,75,20.71,NO,1612967372
Oxelösund,58.6706,17.1015,21.2,73,75,6.91,SE,1612967372
Warwick,41.7001,-71.4162,27,68,75,3.44,US,1612967372
Bria,6.5423,21.9863,102.83,9,57,2.37,CF,1612967372
Russell,32.3502,-85.1999,57.2,94,90,4,US,1612967373
Linden,6,-58.3,75.2,88,75,4.61,GY,1612967373
Pangai,-19.8,-174.35,79.97,84,100,18.39,TO,1612967373
Mount Vernon,40.9126,-73.8371,28.4,50,90,11.5,US,1612967366
Komsomolets,53.7453,62.0708,-3.41,89,100,6.76,KZ,1612967373
Poso,-1.3959,120.7524,79.95,81,99,3.49,ID,1612967373
Poya,-21.35,165.15,73.78,84,10,3.04,NC,1612967373
Yar-Sale,66.8333,70.8333,-23.19,85,89,14.83,RU,1612967374
Ancud,-41.8697,-73.8203,75.2,46,0,4.61,CL,1612967374
Nouakchott,18.0858,-15.9785,87.8,7,35,14.97,MR,1612967374
Dhidhdhoo,6.8833,73.1,82.2,65,0,6.4,MV,1612967374
Mogadishu,2.0371,45.3438,80.6,65,0,21.85,SO,1612967374
Muli,2.9167,73.5667,81.32,78,37,14.79,MV,1612967374
Talcahuano,-36.7167,-73.1167,59,94,90,4.61,CL,1612967374
Nizhniy Ingash,56.2,96.53,1.49,93,100,2.44,RU,1612967375
Comodoro Rivadavia,-45.8667,-67.5,68,77,20,3.44,AR,1612967375
Camacupa,-12.0167,17.4833,75.49,73,98,4.27,AO,1612967375
Huangpi,30.8845,114.3779,50,100,100,2.24,CN,1612967375
High Level,58.5169,-117.136,-16.6,76,90,6.91,CA,1612967375
Tommot,58.9564,126.2925,-5.35,88,38,2.3,RU,1612967375
Tolaga Bay,-38.3667,178.3,65.14,85,100,2.93,NZ,1612967282
